# Number of parameters = 176  Objective function value = 2189.65  Maximum gradient component = 9.21445e-05
# q_surv[1]:
1.00000000000
# alpha:
-0.398367051815
# beta:
-0.216597593292
# mean_log_rec:
19.2988881408
# rec_dev:
 -0.728145014209 -0.256507312727 -0.297747991454 -0.342976046337 -0.391779609349 -0.443516600722 -0.492849519291 -0.547532399672 -0.602861875640 -0.658706829762 -0.715397468790 -0.772814712385 -0.829175676769 -0.880403080061 -0.925321412259 -0.970099597509 -1.02119568650 -1.07764709950 -1.14697225871 -1.23366967532 -1.32093918413 -1.40978935775 -1.49579231301 -1.56924992684 -1.60683804215 -1.62290449483 -1.56075765941 -1.40681263297 -1.28830414639 -0.344274291686 -0.764834032453 -0.485602665894 -0.0365379325275 0.435586684313 0.323893218126 0.373773456737 0.585151666378 0.00285670556114 0.155664344504 0.383925878185 -0.0454605464324 0.0708306980189 0.285705086665 0.540521007463 1.03574897899 0.715216596755 0.379195586525 0.351592666469 0.458046619675 0.399115088460 0.517065373847 0.709308507050 0.351389331037 0.654152158595 0.441671146172 0.458871643613 0.768872963136 0.954739192247 0.816549449888 1.29510169329 0.922879580788 1.07262086210 0.933639359581 0.899574103201 1.17218471602 1.41969014056 1.44739093043 1.67884827029 1.65655632246 1.43375240140 1.62251113905 1.56922352585
# log_avg_fmort:
-4.92103064290
# fmort_dev:
 -1.83591990468 -1.79220180874 -1.74517876659 -1.69366190848 -1.63724438348 -0.00277013169250 -0.0118376809318 -0.233711121067 -0.422049485193 -0.00139876861577 -0.422256961413 0.929094788588 1.73038928814 0.906547766969 0.199757091459 0.143882904938 1.08474660982 0.735007605594 0.427323293019 0.307413611014 0.129784100428 -0.404138027122 -0.114087552148 -0.742459491535 -1.56212701862 -1.79908246694 -0.430350197787 -0.477513653015 -1.30181127870 -0.313668487411 -0.0777148655696 0.400974442826 0.400118915099 0.838998766441 0.605746037619 0.797796337085 0.464632633564 0.221551992354 0.433503233718 0.835967686407 0.613699865276 0.613464974683 0.896269560206 0.133015613220 0.316911781251 0.613175518777 0.512158095804 0.640840979044 0.441347482021 0.331913910480 0.475937142845 -0.0367852657108 -0.124002803245
# log_selcoffs_fish:
 -4.84892430954 -2.96165994399 -1.29022510992 -0.269618409137 0.697155151588 0.866610500260 0.659284720012 0.374822831959 0.0941652212057 -0.171424830965 -0.421775457963 -0.635899828527
 -4.45768945870 -2.74822360588 -1.14050840293 0.114333492056 0.820875101610 0.725826023141 0.408783989757 0.149104865404 -0.0177040578276 -0.124558319544 -0.194212326169 -0.235646288024
# fish_slope_f:
2.18786890145
# fish_sel50_f:
3.62997786915
# fish_slope_m:
0.374369222253
# fish_sel50_m:
4.38197239044
# srv1_slope_f1:
1.24173605415
# srv1_sel50_f1:
3.38315616281
# srv1_slope_f2:
0.818889819521
# srv1_sel50_f2:
4.00877293457
# srv1_slope_m1:
0.499999993795
# srv1_sel50_m1:
4.88500034644
# srv1_slope_m2:
0.384058628599
# srv1_sel50_m2:
7.99282313389
# srv2_slope_f:
0.423477832978
# srv2_sel50_f:
7.98536541638
# srv2_slope_m:
0.384058628599
# srv2_sel50_m:
7.99282313389
# srv3_slope_f:
0.423477832978
# srv3_sel50_f:
7.98536541638
# srv3_slope_m:
0.384058628599
# srv3_sel50_m:
7.99282313389
# sexr_param_fish:
1.00000000000
# F40:
0.183980656041
# F35:
0.212145250117
# F30:
0.230012677166
