#this file uses the 2004 ages not new fishery data   WORKS
#Bering Sea Arrowtooth flounder data         
#start year end year (1,2)         
1976 2014            
#start year and end year for future projections (3,4)      
2015 2019            
#phase for F40 (5)          
3            
#median recruits to use for the last year (end year) (6)   mean(recruits[1:34,2]) until 5 yrs before present
409222235#25200000        
# nages for number of ages in the model  (7)   
21  
# nsurv - number of surveys (7.3)
1
# nsurv_aged - number of surveys with age data   (7.4)
1       
# (8) fishery nselages- selectivity after nselages age set equal to selectivity at nselages age
19            
#(11.5) nselages_srv
19             
#(12) phase to do logistic selectivity              
2                   
#(13) number of length bins                
25                   
#(14) number of years of fishery length data              
36                   
#(15) years when have fishery length data  (updated 2012)             
1978 1979 1980 1981 1982 1983 1984 1985 1986 1987 1988 1990 1991 1992 1993 1994 1995 1996 1997 1998 1999 2000 2001 2002 2003 2004 2005 2006 2007 2008 2009 2010 2011 2012 2013 2014 
#(16) nsamples weight for fish length comps need matrix each year and sex        
25 25 25 25 25 25 25 25 25 25 25 25 25 25 25 25 25 25 25 25 25 25 25 25 25 25 25 25 25 25 25 25 25 25 25 25
25 25 25 25 25 25 25 25 25 25 25 25 25 25 25 25 25 25 25 25 25 25 25 25 25 25 25 25 25 25 25 25 25 25 25 25
#(19.5) yrs of shelf, slope, AI data 
33                         
#(22.5) yrs with shelf, slope, AI survey data 
1982 1983 1984 1985 1986 1987 1988 1989 1990 1991 1992 1993 1994 1995 1996 1997 1998 1999 2000 2001 2002 2003 2004 2005 2006 2007 2008 2009 2010 2011 2012 2013 2014              
# (25.5) number of years with shelf, slope, AI survey data
30                       
# (28.5) yrs with shelf, slope, AI length data                     
1981 1982 1983 1984 1985 1986 1987 1988 1989 1990 1991 1992 1993 1994 1995 1997 1999 2000 2001 2002 2003 2005 2006 2007 2008 2009 2011 2012 2013 2014               
#(31.5) sample sizes females for each length comp by sex and year for shelf, slope, AI survey
200 200 200 200 200 200 200 200 200 200 200 200 200 200 200 200 200 200 200 200 200 200 200 200 200 200 200 200 200 200
 
#(31.6) same for males
200 200 200 200 200 200 200 200 200 200 200 200 200 200 200 200 200 200 200 200 200 200 200 200 200 200 200 200 200 200

#(31.7) sample sizes females and males for each length comp by sex and year for shelf, slope, AI survey
200 200 200 200 200 200 200 200 200 200 200 200 200 200 200 200 200 200 200 200 200 200 200 200 200 200 200 200 200 200

200 200 200 200 200 200 200 200 200 200 200 200 200 200 200 200 200 200 200 200 200 200 200 200 200 200 200 200 200 200
           
# length bins - 25 bins 26 numbers to define                
#10 16 18 20 22 24 26 28 30 32 34 36 38 40 43 46 49 52 55 58 61 64 67 70 75 95
                       
#(35) fishery length data                      
#females 1978-1988 and (1989 is missing)  in 2014 I added yrs 1990-2014 with new akfin data M and F             
0 0 5 10 16 18 56 239 237 158 131 208 334 983 1262 1195 626 305 205 211 186 117 65 117 84
0 1 0 0 0 1 1 3 34 55 122 205 179 152 242 520 495 377 258 152 123 135 98 141 116
3 1 1 2 3 18 50 145 291 250 200 226 295 547 637 400 427 616 530 302 127 60 34 41 40
0 0 0 0 0 0 1 10 13 24 55 99 145 338 468 519 641 498 357 359 261 128 79 145 103
0 0 0 0 1 0 3 5 7 26 66 234 670 2030 1974 1628 1467 1228 1302 1158 1487 1481 1018 1591 708
0 0 0 0 3 4 6 15 5 24 36 103 219 905 2787 3877 2676 1866 1578 987 480 317 209 272 226
0 0 1 0 3 14 37 47 51 74 138 263 419 1615 2944 2658 2391 1540 821 506 277 101 58 56 43
0 0 0 3 12 32 55 112 115 151 286 581 773 1531 2122 2983 3752 2560 1489 836 394 203 55 15 8
0 0 2 18 38 55 72 71 214 363 299 263 340 1021 1327 1252 1345 1383 1209 606 284 116 40 11 1
0 0 0 0 2 0 14 41 27 40 87 134 262 763 1324 3115 3679 2481 2429 2651 1897 658 196 52 4
0 0 9 25 50 36 37 38 39 60 35 16 5 3 2 0 0 0 0 0 0 0 0 0 0  
11 2 1 1 2 6 7 8 22 19 50 59 102 99 110 147 173 155 108 50 21 19 16 15 1
22 13 17 32 37 40 53 72 72 120 191 272 478 874 865 688 457 388 315 163 144 105 59 20 1
17 14 10 17 16 5 5 4 5 2 1 6 2 9 10 13 6 12 14 9 6 6 1 1 0
9 15 20 34 40 45 54 44 45 41 44 36 55 97 111 80 56 48 32 21 2 8 1 0 0
5 24 34 41 28 21 5 2 0 3 3 4 5 14 18 11 4 4 5 8 4 4 2 6 0
25 22 24 44 40 64 90 85 90 86 87 119 133 292 286 217 142 87 70 68 48 44 17 17 3
7 1 5 9 19 30 30 48 55 67 62 54 46 74 51 53 25 24 23 29 10 14 3 2 0
6 3 0 4 12 17 39 38 33 40 38 52 84 218 444 464 244 121 91 42 11 11 8 15 6
3 4 4 6 7 15 11 11 16 15 25 38 55 130 193 140 82 68 30 17 10 3 0 0 0
12 15 5 20 30 36 49 70 60 70 84 80 102 249 399 332 195 113 109 93 66 58 21 6 2
0 0 0 0 1 0 4 6 9 15 16 34 28 63 66 99 132 142 94 57 40 30 14 23 9
1 2 0 1 6 5 3 9 10 32 50 45 71 147 244 211 210 174 165 107 73 35 26 33 9
0 1 1 0 1 4 8 9 10 12 20 37 41 69 116 156 188 178 118 94 74 51 29 27 14
0 1 4 5 4 9 22 41 60 98 113 114 156 199 193 202 229 210 182 105 119 71 53 41 11
2 0 1 5 11 23 58 80 55 90 113 156 199 354 311 254 261 283 252 186 118 61 38 49 19
0 0 2 2 1 8 13 21 39 68 73 73 88 206 224 194 154 112 104 79 78 55 44 31 32
0 0 0 3 6 9 14 50 64 53 77 78 104 203 151 152 129 66 54 77 54 50 30 25 10
0 0 1 0 0 4 1 10 10 14 26 21 25 46 50 40 27 18 16 11 21 10 14 5 13
0 0 2 1 4 5 6 13 9 22 24 32 52 78 86 138 101 64 52 31 33 25 15 13 12
0 0 0 1 1 1 1 0 2 3 10 8 11 28 39 39 45 40 29 27 22 14 10 3 3
0 0 0 0 1 1 3 1 5 19 6 13 10 40 48 98 118 130 81 45 28 19 13 4 4
0 0 1 2 1 4 3 8 4 4 5 9 11 39 63 87 78 71 58 44 39 20 11 8 12
0 0 1 2 7 6 6 9 4 8 3 8 15 19 32 35 41 69 24 13 10 9 8 16 11
2 0 2 1 3 2 6 14 11 6 4 13 13 27 51 60 56 75 65 32 16 13 3 7 7
0 0 1 0 0 0 1 0 3 4 1 1 4 8 5 5 14 9 7 7 2 1 1 2 2

# males 1978-1988 (1989 is missing)  in 2014 I added yrs 1990-2014 with new akfin data M and F              
0 2 2 9 30 18 75 288 261 150 148 203 361 772 899 716 288 228 142 50 8 1 4 1 2
0 0 0 0 0 0 0 4 24 45 174 199 153 181 414 610 442 273 318 149 57 37 26 38 11
1 0 0 4 5 21 87 218 277 245 230 347 435 897 600 591 456 157 68 41 12 3 2 1 1
0 0 0 4 0 1 3 11 33 80 101 182 211 367 477 680 496 215 345 258 69 11 1 2 0
0 0 0 0 0 2 9 5 19 48 212 733 1353 2283 1929 1881 1698 1724 3144 2843 543 167 71 29 7
0 0 1 3 4 13 5 21 23 37 103 154 467 2464 4127 2927 1633 888 1191 867 225 90 76 37 4
9 9 20 14 29 75 93 86 52 70 155 222 420 1111 1743 2276 1279 564 394 323 129 32 14 11 2
0 1 2 2 9 33 78 130 78 87 212 336 479 925 1196 1557 1583 698 166 83 50 32 7 5 0       
0 0 2 10 26 20 28 73 142 166 144 197 391 611 566 660 600 282 88 27 20 8 4 3 1       
0 0 0 0 0 3 8 23 16 21 59 116 150 490 1016 1033 723 273 126 98 45 6 4 0 0       
0 0 15 29 49 47 72 70 117 55 17 5 1 0 0 0 0 0 1 0 0 0 0 0 0
14 0 2 8 0 11 7 7 23 50 134 176 259 407 201 134 101 75 23 9 7 8 1 1 1
20 14 23 21 39 51 52 84 135 204 246 189 130 170 206 69 33 17 14 7 3 3 1 0 0
20 21 35 22 14 4 2 2 3 3 4 3 4 4 6 5 3 5 7 2 0 1 0 0 0
11 8 13 18 14 21 43 41 38 34 37 14 23 14 8 4 6 1 0 0 0 0 0 0 0
17 21 49 27 13 2 1 2 2 4 4 4 2 0 0 0 0 0 0 0 0 0 0 0 0
8 9 18 31 22 30 30 33 34 31 41 51 37 23 6 1 8 2 2 5 1 2 0 1 0
8 6 6 7 10 11 15 13 21 12 8 5 5 10 9 1 0 0 0 0 1 0 0 0 0
2 6 16 29 42 37 20 23 37 52 65 133 148 183 95 42 13 11 4 0 0 0 0 0 0
0 1 1 2 1 1 5 4 7 12 23 28 23 23 12 4 4 0 1 0 0 0 0 0 0
20 15 19 34 35 44 79 74 84 96 135 126 146 114 81 58 35 41 45 29 28 5 4 1 0
0 0 0 1 1 4 10 13 15 19 16 24 38 63 86 62 62 49 26 9 13 5 5 2 2
0 0 1 1 4 3 1 5 17 18 45 57 82 196 160 127 95 90 61 32 16 13 3 4 1
1 0 1 1 1 2 10 23 29 32 47 75 92 164 195 174 128 68 39 18 8 3 9 5 2
1 1 1 1 7 11 15 20 57 78 77 96 98 195 162 123 105 76 44 35 20 12 9 10 5
1 1 1 1 8 18 41 42 49 69 90 135 170 216 205 119 63 44 36 20 13 11 9 9 6
0 2 2 0 5 6 27 47 68 81 72 78 95 176 98 67 42 26 15 16 12 6 5 1 1
0 0 0 2 2 13 19 22 37 35 51 72 81 112 69 49 42 20 21 10 6 1 2 2 1
1 0 0 0 0 2 2 7 9 9 16 20 9 31 23 19 16 2 5 3 4 3 1 6 4
0 0 1 1 3 15 21 18 17 20 32 56 62 126 99 45 24 20 14 7 6 5 3 3 1
0 0 0 0 1 0 4 1 1 6 3 10 25 47 25 22 27 19 7 9 6 2 3 0 0
0 0 0 0 1 0 3 1 2 1 1 4 11 56 67 32 9 12 13 6 11 4 0 0 0
0 0 0 0 3 1 9 3 7 8 5 7 27 72 67 37 20 18 10 3 0 1 2 0 3
0 0 0 1 2 1 4 7 2 3 9 9 12 24 26 24 17 13 6 3 0 0 1 0 1
0 0 0 0 0 2 2 1 3 2 5 2 8 26 42 23 20 5 9 1 2 0 0 0 0
0 0 0 2 3 2 0 3 0 1 3 1 12 8 12 14 3 4 5 4 1 0 0 0 0

#(35.5)
# size composition for shelf survey females "1981-2010," except 1996 and 1998, 2004, 2010 where there is age data          
2.457475 0.800937 2.336401 3.981184 5.076757 3.397012 3.602175 7.690392 12.228204 9.973207 11.127564 7.891035 5.635554 7.235926 5.33653 2.72662 1.438373 0.386543 0.317167 0.390734 0.034767 0.035739 0 0 0
3.34681 2.311814 9.480887 15.186531 10.992245 4.590238 6.667132 5.077597 9.509715 8.516836 7.680551 9.731432 9.353787 8.386709 5.073848 6.115384 4.390177 1.395543 0.455023 0.366861 0.049605 0.096096 0 0 0
1.799112 13.572414 29.894631 44.52501 41.666386 16.159153 10.239476 19.448512 23.656134 19.102485 20.474578 23.252666 15.877218 13.085871 6.94454 4.323136 2.786353 1.636691 1.761179 0.550288 0.244418 0 0 0 0
7.802859 10.827065 6.994953 5.379687 5.343926 17.438546 40.694862 59.075943 62.133822 32.614164 16.537552 14.612985 15.341446 21.359331 22.971538 7.167912 2.468855 2.994462 2.046581 1.766326 0.864435 0.125747 0 0 0
5.01815 1.33783 5.082175 8.136617 8.886643 9.60699 12.993553 10.551643 11.061021 20.150167 40.083395 44.228372 27.864953 17.24973 11.687894 8.646697 5.963249 4.261401 1.191709 1.682917 0.773313 0.419571 0.12824 0 0.038446
0.973935 8.142621 23.128342 28.135715 19.791424 7.297681 7.110703 13.921509 19.668209 19.67724 16.301451 18.433395 26.759225 55.951109 32.221736 12.963073 10.157573 8.101154 6.694774 1.616793 0.725684 0.360686 0 0 0
1.948031 3.955223 14.327018 13.670048 9.247413 17.267256 42.529029 53.344542 41.412485 21.770782 26.443117 26.761215 25.020144 31.636682 35.54279 37.697814 20.369145 8.795679 5.779546 4.055429 1.369476 0.274222 0 0.117567 0
3.48832 11.62505 56.508295 43.795951 14.814131 7.841525 15.200414 26.511752 28.575592 38.098175 60.370196 67.254529 32.250651 38.204764 34.641519 20.056823 21.974749 14.325788 4.291081 2.746362 1.190444 0.518358 0.034232 0.04552 0
2.783843 19.587035 43.702442 30.140781 25.28015 43.676792 49.046468 42.928832 25.995381 27.980275 36.888564 45.129546 48.931337 74.357167 37.500253 24.200364 21.235974 19.558692 14.15712 6.671833 2.421687 0.08009 0.247432 0 0
3.820904 15.965802 16.015574 10.535873 6.072578 17.785147 37.470144 60.967338 62.352144 52.409369 61.619422 40.405605 27.811794 48.230535 66.168626 37.909858 17.846969 12.148898 12.177379 10.019877 6.70255 1.788693 0.330815 0.080284 0
1.146761 10.993833 12.708558 8.36049 11.368429 22.748931 28.56653 31.565393 30.255555 45.68694 67.261292 61.192163 42.014221 48.505592 27.257669 23.528992 24.196901 13.20534 7.305354 6.316733 3.473733 4.263089 1.691888 0.235191 0.698218
3.582531 11.381319 9.521459 7.767675 9.105121 11.056648 13.935648 18.685399 28.174223 31.54914 32.166261 33.391314 38.607758 66.40622 49.183018 30.247512 19.885869 18.878555 11.192647 5.637566 3.916549 3.168113 1.213602 0.158795 0
2.247385 8.989 10.035175 10.806114 16.401815 14.98945 12.400668 17.198353 25.112082 26.058468 32.212904 38.978865 39.826593 65.307103 64.718159 65.683972 46.303197 28.563808 23.881883 17.089443 6.072735 1.991395 2.520053 0.780637 0.066475
4.279825 16.809545 18.715805 12.882271 11.838825 20.093531 21.451821 19.478416 24.788735 26.358166 27.386701 32.258512 35.814892 70.999834 72.048949 52.519028 42.942551 36.76614 21.288858 19.928081 8.221802 2.59147 1.149025 0.691971 0
1110354 5239647 12567931 10601331 11452757 18621226 18360807 17491277 21997986 36324718 27720109 29438651 29374426 56705613 48927396 48525015 42133489 32273391 25634472 16743083 12200488 4149881 1221970 523580 0
3595367 11766807 12656004 14281878 11982650 11008020 11950121 10384311 10623916 9676045 15307176 22859186 22342695 39019238 40234042 34641111 32076251 33064012 25008431 15148789 15021297 8629462 5290140 2120714 75223
4870941 11734934 10192600 11999682 16663200 19766034 19359329 20230441 17821845 20576794 17210400 18154384 13949171 16305242 11957507 18271379 13275089 14868549 13442520 9491447 6844767 4727451 4451206 1494098 58262
9277741 18165740 20164985 12173651 14350109 17575973 16407826 19156938 25957306 27177273 24437707 24678700 28360839 36337442 23491140 22763562 22420799 25688167 14613376 8259520 4563558 3952596 2295711 1073697 251097
2551072 10701183 22336190 26546974 29904485 20756863 23951826 34758504 31692337 26686823 26311049 23740305 27129092 38476131 38060016 29057495 22519648 18246815 18328729 10208602 6957775 3268221 3210067 1597835 78160
5728889.685 10406852.56 9277662.23 8962394.97 15330455.03 28861681.3 38446863.1 44039355.1 49695424.1 41106732.8 38990030.9 32592828.8 29134289.3 35260898.9 33814585.44 25106633.43 17778523.79 12843675.74 10927688.41 8439769.45 7001165.94 4018494.23 1984869.37 1476957.372 231889.2235
4879166 16538522 38070086 35989774 27793551 22817744 20895179 34363160 37603101 51969313 54082915 60426901 53503246 60487055 40836592 34014368 28707468 23434701 17655703 12875423 12436706 7059372 3189432 3385289 432382
#8942068.52 25762662.39 62995362.78 54710397.38 38605197.92 47040535.72 64243549.99 58238526.92 59119803.1 48874804.64 50809666.13 50662530.61 49983226.85 78558852.41 47865480.53 35575274.46 23405521.96 21288630.99 18071052.08 10899674.45 7100763.529 5003859.834 3184617.43 3595604.107 0#
8776907 30027154 71893260 62866558 40728370 54477306 62583654 71617731 69818933 79855249 84962376 72255632 59780466 77975480 68652121 60635609 35750194 25243991 20014596 17385995 15330621 6932428 4347758 2365383 875146
4741796 13863685 20330718 30351798 26865967 37081347 61673317 94606530 82981031 56210753 59757771 59217082 65564608 91003010 50008971 40647192 38111149 22060277 12917837 10958576 7759675 6555953 3014777 2705869 637367
19480606.35 46015360.32 36584867.02 24926865.33 20539306.39 16566163.26 19365295.1 32673075.13 40137070.72 50107458.22 63496573.88 58042454.52 47830883.49 62070181 50118832.65 39403898.48 25642548.31 18408304.11 10509936.31 7946741.656 7014507.403 5955522.266 3325107.781 1651904.908 566794.6887
8288234.846 24176542.49 35180575.04 38434484.88 47899115.29 50143217.12 39370543.28 34717739.73 48238331.13 57692844.04 63569232.91 74907502.34 69803258.48 86347612.89 62305419.03 50757966.44 29865035.33 18010603.63 9782695.116 6759940.834 5564853.765 4743954.193 1398026.115 2551631.479 765413.2882
7486330 19405564 18178654 12118915 21337614 32660974 39745240 37944678 56251525 41581715 34948061 38840405 40037481 68983846 51803983 35420352 24294493 12608840 6122143 5606114 4320328 3307213 3157734 2809032 266908
11356311.99 17203377.23 16832106.8 14844599.4 28026890.99 30656439.43 27291216.41 29627594.46 42640508.03 41721658.02 56091236.71 57570308.63 51448457.24 66569755.1 51316947.59 54838120.92 39700872.75 29071217.16 16383463.68 7760375.957 2309497.552 1464849.027 885053.9606 1419361.718 521578.1186
13066020.0 18611057.6 14464360.1 18507008.4 23031040.0 24083051.6 34777062.1 43528021.7 40504530.5 36164218.4 41077232.0 36816621.3 43810524.8 64076304.2 43604422.1 35220714.7 32798693.5 26061350.2 11708451.0  8623916.8  3099556.3  1571509.2  1135392.3  1233476.4   444740.7
12485069	7429869	5202002	6317500	7692808	12081171	14921384	16982857	23753482	30478255	33582354	36675297	28912083	44553017	41606165	34464124	26775928	23414468	17712214	7897415	3282591	1071931	796713	711211	322924
12236677	22487118	16512224	9629395	18174654	24948975	21936963	20214846	16455716	18421657	17162548	22582557	28637303	52036809	59810992	46505279	34503117	25895311	19151028	13208419	6878691	4070809	1101927	1166647	267020

# (35.6) size composition for shelf survey males "1981-2010," except for 1996 and 1998, 2004, 2010 where there is age data       
1.125553 0.984268 3.260778 5.627998 3.545789 4.468638 6.624352 9.42353 11.161712 9.454966 6.67549 4.313884 2.834193 1.535133 1.05573 0.362216 0.120252 0.127473 0 0.040084 0.043694 0.040084 0 0 0
4.268211 2.083197 8.684447 15.510612 7.607537 5.613833 6.811738 7.187768 9.612565 7.671742 8.559301 6.614824 4.773255 6.19797 1.524679 1.40038 0.25964 0 0.056476 0.047007 0 0 0 0 0
2.523947 16.022238 27.577963 39.972655 31.098136 12.825868 10.169854 15.749409 17.089843 8.744234 8.412106 8.771558 5.20837 5.842196 2.495993 1.396147 0.266586 0 0.036386 0.055007 0 0 0 0 0
6.947668 6.819217 3.261209 1.326734 5.356503 17.598511 36.666034 49.404528 31.226159 15.81116 12.316705 7.390905 6.296812 5.729934 1.601866 1.195315 0.226771 0.068708 0 0 0 0 0 0 0
7.516677 1.73599 5.371111 5.684711 5.549814 7.787099 7.802605 4.175772 9.939581 24.209056 33.950325 17.45265 8.316452 8.661901 3.054094 1.908611 0.664672 0.317449 0.13592 0 0 0 0 0 0
1.723224 11.384405 18.463537 18.800532 11.695384 5.171999 8.807026 9.715435 12.283907 12.232781 10.155219 17.863855 23.117327 23.597233 7.506549 2.313608 1.089782 0.37529 0.216412 0 0 0 0 0 0
2.510894 5.488353 12.882041 10.605229 8.889064 18.028438 34.303377 28.149403 15.130034 13.008677 13.54533 11.895137 10.476088 21.758162 17.548592 3.967232 1.363916 0.275067 0 0.042953 0 0 0 0 0
4.491566 16.21092 29.396956 17.538749 7.557258 8.914878 16.504383 13.617995 23.463564 30.24951 37.947692 22.400044 14.264038 17.060418 10.979546 4.625606 3.022354 1.286209 0.113942 0 0.121018 0.068639 0 0 0
5.597173 20.358287 36.618327 23.56568 20.803017 26.885133 34.015682 20.264493 18.481705 16.352653 25.913743 35.226705 32.480409 22.42062 11.299487 4.827103 4.726238 1.440925 0.391816 0.159027 0 0 0 0 0
5.332405 10.610847 9.382081 5.25814 6.300334 18.116293 35.632442 44.378653 31.382492 32.190087 21.277529 16.280033 16.098228 34.167013 13.522802 7.150618 3.153815 1.039993 1.626375 0.803989 0 0.27395 0 0 0
1.366843 3.445327 3.121874 3.592844 5.003076 13.447015 24.173202 16.336439 22.035674 41.737884 42.343944 31.456145 20.136757 17.942629 11.321719 7.717561 2.731631 1.341187 0.062505 0 0.563222 0.129861 0.3035 0 0
3.060222 5.525745 4.710426 1.886429 4.835336 6.660362 6.946196 9.866359 12.899545 17.160243 24.676374 37.104134 32.771573 29.488838 16.122701 9.19575 3.817402 1.294675 0.562602 0.094728 0.272982 0.052114 0 0 0
2.531673 9.359904 8.402449 6.821219 8.816775 7.927768 7.74297 12.812725 11.540252 16.793654 21.044854 27.205102 34.406092 46.061461 21.574522 9.158937 5.712506 3.215032 0.919113 0.727128 0.030554 0.065776 0 0.152828 0
3.633611 12.430599 10.908215 7.959268 6.625989 16.295709 14.866877 17.645983 15.344602 17.944684 17.065818 20.051869 27.219452 43.815091 26.429312 14.518725 7.042593 4.287046 1.41405 0.940945 0.794085 0.059092 0 0.048319 0
284473 3424337 6023984 3535617 7086647 10660630 7057744 8119612 13897847 19315783 16830127 15172591 13823601 23947055 28673875 12270175 6176279 3566100 2594631 503845 133271 33612 0 88555 0
3024274 9320165 9637094 8601004 8667768 5387679 7433328 5128832 7106523 9148098 10509314 9989540 14802962 21381358 17784118 9713214 4198459 1708794 1787171 78490 508969 644307 131619 0 0
2902382 3645523 5227158 4064025 6992644 7028256 8376942 8192814 10222922 7380985 10373755 9431345 4469932 5819975 5820077 2262371 993776 484944 473713 143632 289627 28276 0 0 0
5897588 11994696 7967525 6016005 8150838 7412772 10318776 11410255 14325410 12808241 13389993 10972256 10327367 11717396 7539822 5236985 2533871 1814180 638916 634750 186354 294297 45817 29218 0
3572512 7505961 14317579 16542388 9773776 9536966 15315989 17452468 21671121 15131924 14212246 17825565 12715665 14918171 12223948 6571065 2850608 399605 477210 328432 69384 69384 63343 82670 0
5728610.887 7288375.37 6932361.9 6616120.97 8014971.82 13233689.32 15559109.4 18689412.49 19141205.45 17594306.77 13976689.87 16879537.44 9927247.97 11334479.1 6748040.21 4848529.25 1631033.905 1873707.793 818670.7891 1174380.507 221872.923 0 133698.884 0 0
6892066 11854550 25055673 19319478 21991517 17667205 16292673 14961283 23756077 24364922 23598459 24947686 18240586 16928800 12205488 4465840 2340846 1027010 549894 215058 22784 251042 0 35570 0
#10866176.33 28711869.91 56406962.52 44692218.79 29636507.54 32650664.04 33794701.62 31814304.89 28344328.31 24842372.2 22147464.28 24221739.76 24298495.56 21816921.07 10533769.8 4793967.677 3197344.562 1764101.92 1222169.186 843198.4976 282089.867 229823.6307 134195.0617 0 0#
6951505 23162022 45651443 36910784 26395186 37404716 36438429 37778917 36416574 36583690 40631605 32995376 26510822 31345673 15823107 4789917 1675156 1136753 570006 301394 105725 298684 0 0 0
5290252 6122257 14307916 13521796 17040572 27710712 42790031 55347244 41326137 35358266 33152872 32234290 31000954 27586311 14452447 6511595 1785925 257434 181402 81991 125252 0 0 0 0
11538834.25 19875838.35 16172824.72 8991401.222 9842751.475 11437884.37 13121652.82 19081084.88 27659425.35 39388844.74 38038983.97 31522480.81 27614671.7 23663734.75 11807592.77 4168179.766 1996287.11 1420825.135 580689.3557 0 92692.69275 0 0 0 0
7235383.678 13779549.9 18807645.69 15874627.08 21740188.06 14934124.49 16920946.33 18186871.55 29872297.05 32331038.59 43202934 42013403.74 37083218.52 29662745.68 9078999.667 3921666.808 1047315.541 544237.6943 236770.7548 30065.96298 0 370140.4239 443333.427 147777.809 147777.809
7693505 17666196 9274804 6191613 12435816 17460739 16986730 20233812 20079560 17191138 18202480 18978912 21045054 25151501 9354472 2884345 704735 1222282 196252 54045 204728 0 0 0 0
11928219.72 14893950.25 8868218.092 10807951.83 18272362.18 19541098.41 15551572.19 19381142.06 19058306.16 19714050.27 30615879.06 21958427.59 19919844.33 22642563.77 12087327.75 4964074.097 1206605.85 682304.4705 81016.46168 54943.42005 0 0 0 0 0 
14478411.61 13857926.33 11510521.49 13432011.49 20008023.28 19873770.61 25153271.16 27577784.77 24077582.70 23960734.23 18248220.52 20809179.50 16581745.63 19070810.17 12596291.33 6692708.52 2754343.83 895953.15 417269.92 143806.60 92973.43 0 0 190130.22 92489.24
5352676	3440036	3401373	5253778	4569645	7157194	9499516	13221693	17108876	18607495	18278604	16738561	14385544	18428244	12648282	4991761	1731503	984849	355058	67084	105678	0	0	29196	70358
6945191	8736183	6503717	6761752	10478398	9290087	10600872	9127639	9835067	14314650	12877371	14930963	15747839	22758523	13647127	4534025	1380156	294846	112705	0	83544	0	83544	84295	51567
                        
                    
#(36) fishery catch 1976-2014 (with Kamchatka subtracted) (updated yrs back thru 2006 Oct 7 2014 used last yrscatchfor this yrs estimate) put in new data from Table6.1                 
17834 10685 9430 13352 17079 15915 10712 12991 8790 6926 6678 4519 18591 6795 12144 20508 9655 8684 13360 8631 13626 9350 14174 9833 12024 12934 10732 11936 16562 12727 13441 11942 21368 29900 38881 20195 22379 20501 20501

#41.5 obs_surv
# shelf survey biomass tons 1982-2014 new data from Dan Nichols in September 2012 for BSAI plus NW stations. 
69990 110643 160396 163637 229865 294710 310933 374317 435211 336457 421985 542827 570835 475339 552269 482684 369118 258809 336163 409306 356665 543569 549338 772988 670132 547496 588342 456371 586954 568200 445736 405509 465616
              
#(42.5)
#shelf survey biomass standard error
7621 10233 23051 14728 23459 20996 35058 35580 38181 39325 49650 46624 52029 64870 56249 59678 39461 62546 53563 35532 32119 45608 38254 50883 48339 39053 46785 41845 44781 40813 43514 36024 32255

#(43) female wt at ages 21-Jan (kg)                   
0.019 0.04 0.109 0.216 0.363 0.546 0.757 0.993 1.249 1.519 1.798 2.08 2.354 2.606 2.825 3.009 3.157 3.274 3.365 3.435 3.533    
   
#male wt at ages 21-Jan (kg)                   
0.0072 0.0351 0.0896 0.1701 0.273 0.3931 0.5249 0.6635 0.8045 0.9446 1.0811 1.2119 1.3358 1.4519 1.5597 1.6592 1.7503 1.8334 1.9088 1.977 2.0385    

#(44) maturity at ages updated with Stark 2011
#0.001079691 0.003018416 0.008409068 0.023202938 0.062385851 0.157095469 0.342989537 0.593873103 0.803765944 0.919827088 0.969822019 0.989013057 0.996049678 0.998586116 0.999494774 0.999819572 0.999935579 0.999977000 0.999991789 0.999997069 0.999998953 

0.00 0.00 0.01 0.02 0.06 0.16 0.34 0.59 0.80 0.92 0.97 0.99 1.00 1.00 1.00 1.00 1.00 1.00 1.00 1.00 1.00   

#(45) female length-age conversion matrix ages "1-21," ages in row and length bins in cols

0.999911555 8.84E-05 0 0 0 0 0 0 0 0 0 0 0 0 0 0 0 0 0 0 0 0 0 0 0
0.001719052 0.487467203 0.43332006 0.075450186 0.002035714 7.78E-06 3.98E-09 2.64E-13 0 0 0 0 0 0 0 0 0 0 0 0 0 0 0 0 0
2.65E-08 0.000385447 0.009677449 0.089346165 0.303486255 0.383275882 0.180373416 0.031411607 0.001997662 4.57E-05 3.72E-07 1.06E-09 1.06E-12 0 0 0 0 0 0 0 0 0 0 0 0
9.57E-12 1.97E-07 1.04E-05 0.000290871 0.00423175 0.032291393 0.129689392 0.274941462 0.308221244 0.182764839 0.057251357 0.009449845 0.000819153 3.77E-05 3.14E-07 2.60E-10 4.90E-14 0 0 0 0 0 0 0 0
4.71E-14 6.05E-10 3.39E-08 1.21E-06 2.74E-05 0.000393175 0.003570323 0.020576444 0.075341894 0.175434442 0.259958789 0.245214515 0.147237659 0.061963572 0.009867466 0.000406863 6.13E-06 3.33E-08 6.49E-11 4.50E-14 0 0 0 0 0
1.33E-15 8.99E-12 4.35E-10 1.51E-08 3.70E-07 6.44E-06 7.94E-05 0.000694551 0.004307372 0.018957546 0.059235128 0.131449176 0.207224998 0.285041596 0.217283286 0.065665252 0.009400545 0.000633955 2.00E-05 2.94E-07 2.01E-09 6.31E-12 9.10E-15 0 0
1.11E-16 4.30E-13 1.70E-11 5.18E-10 1.21E-08 2.13E-07 2.88E-06 2.96E-05 0.00023131 0.001379048 0.006266133 0.021703305 0.057309296 0.15449399 0.293680456 0.274912721 0.142310529 0.04068736 0.006410914 0.000555222 2.64E-05 6.84E-07 9.67E-09 7.46E-11 4.36E-14
0 4.81E-14 1.53E-12 4.02E-11 8.40E-10 1.41E-08 1.88E-07 2.01E-06 1.72E-05 0.000117908 0.000646129 0.002833434 0.009943919 0.03963768 0.130752555 0.242185787 0.275104306 0.191670967 0.081876385 0.021425081 0.003430136 0.000335517 2.00E-05 7.40E-07 4.09E-09
0 9.99E-15 2.61E-13 5.83E-12 1.08E-10 1.65E-09 2.10E-08 2.20E-07 1.92E-06 1.39E-05 8.29E-05 0.000410579 0.001686077 0.008449896 0.039053019 0.11070938 0.207356015 0.256697514 0.210068248 0.113625418 0.04060693 0.009582163 0.00149192 0.000159974 4.00E-06
0 3.33E-15 7.14E-14 1.37E-12 2.24E-11 3.11E-10 3.67E-09 3.68E-08 3.14E-07 2.28E-06 1.41E-05 7.39E-05 0.000329848 0.001886742 0.010721911 0.03981457 0.103301449 0.187339669 0.2375283 0.210574804 0.130520854 0.056552815 0.017123035 0.003929048 0.000286364
0 1.55E-15 2.81E-14 4.69E-13 6.78E-12 8.52E-11 9.28E-10 8.77E-09 7.19E-08 5.12E-07 3.16E-06 1.69E-05 7.85E-05 0.000482964 0.003109173 0.013710802 0.044113297 0.103581213 0.177541791 0.222172615 0.20299183 0.135410579 0.065942744 0.026530001 0.004313837
0 8.88E-16 1.47E-14 2.14E-13 2.77E-12 3.16E-11 3.17E-10 2.81E-09 2.19E-08 1.50E-07 9.11E-07 4.86E-06 2.29E-05 0.000145756 0.001008445 0.004955214 0.018383748 0.051504358 0.108985306 0.174209961 0.210375659 0.191934493 0.132292802 0.081273689 0.024901757
0 6.66E-16 9.44E-15 1.23E-13 1.43E-12 1.49E-11 1.38E-10 1.14E-09 8.44E-09 5.56E-08 3.27E-07 1.72E-06 8.05E-06 5.19E-05 0.000372715 0.001956086 0.007968055 0.025195488 0.061851474 0.117892642 0.174492252 0.200557506 0.179013599 0.152028683 0.078609457
0 5.55E-16 7.22E-15 8.48E-14 8.96E-13 8.53E-12 7.33E-11 5.68E-10 3.97E-09 2.50E-08 1.42E-07 7.26E-07 3.35E-06 2.15E-05 0.000157028 0.000855302 0.003698667 0.012699652 0.034625267 0.074969592 0.128915732 0.176068597 0.190996457 0.208358743 0.168629166
0 5.55E-16 6.33E-15 6.75E-14 6.52E-13 5.73E-12 4.58E-11 3.33E-10 2.20E-09 1.32E-08 7.22E-08 3.59E-07 1.62E-06 1.03E-05 7.48E-05 0.000414674 0.001859339 0.006745214 0.01979892 0.047024019 0.090377026 0.140567226 0.17693412 0.234642867 0.281549432
0 6.66E-16 6.22E-15 6.02E-14 5.36E-13 4.37E-12 3.26E-11 2.23E-10 1.40E-09 8.01E-09 4.21E-08 2.02E-07 8.92E-07 5.54E-06 3.99E-05 0.000221757 0.001013906 0.00381049 0.011771834 0.029895317 0.06241322 0.107124017 0.151165357 0.233686523 0.398851029
0 7.77E-16 6.55E-15 5.91E-14 4.87E-13 3.70E-12 2.59E-11 1.67E-10 9.94E-10 5.44E-09 2.75E-08 1.28E-07 5.48E-07 3.32E-06 2.35E-05 0.000129766 0.000597789 0.002294339 0.007336746 0.019547691 0.043395609 0.080273212 0.12373368 0.215882811 0.506780859
0 8.88E-16 7.55E-15 6.25E-14 4.80E-13 3.42E-12 2.25E-11 1.37E-10 7.78E-10 4.08E-09 1.98E-08 8.90E-08 3.71E-07 2.18E-06 1.51E-05 8.24E-05 0.000378948 0.001469755 0.004804919 0.013240687 0.030755707 0.060220274 0.099397674 0.190864317 0.598767612
0 1.22E-15 9.10E-15 7.02E-14 5.05E-13 3.38E-12 2.11E-11 1.22E-10 6.59E-10 3.31E-09 1.55E-08 6.72E-08 2.72E-07 1.56E-06 1.05E-05 5.62E-05 0.000256602 0.000997916 0.00330432 0.009315992 0.022363493 0.045711 0.079557919 0.164838243 0.673585948
0 1.67E-15 1.14E-14 8.29E-14 5.61E-13 3.55E-12 2.10E-11 1.16E-10 5.97E-10 2.87E-09 1.29E-08 5.44E-08 2.14E-07 1.19E-06 7.77E-06 4.08E-05 0.000184366 0.000714764 0.002380302 0.006809153 0.016732007 0.035318408 0.064041301 0.140944731 0.732824872
0 2.33E-15 1.50E-14 1.02E-13 6.52E-13 3.91E-12 2.20E-11 1.16E-10 5.71E-10 2.65E-09 1.15E-08 4.68E-08 1.78E-07 9.63E-07 6.12E-06 3.14E-05 0.000139649 0.000537381 0.001790193 0.005162862 0.012890072 0.027860988 0.052133788 0.120359335 0.779086994

#male length at age conversion matrix                   
0.999911555 8.84E-05 0 0 0 0 0 0 0 0 0 0 0 0 0 0 0 0 0 0 0 0 0 0 0
0.003318656 0.594967987 0.35995467 0.041100351 0.000656995 1.34E-06 3.31E-10 9.55E-15 0 0 0 0 0 0 0 0 0 0 0 0 0 0 0 0 0
1.23E-07 0.001365254 0.02642196 0.174869381 0.39605612 0.309890349 0.083516004 0.007645129 0.00023334 2.33E-06 7.54E-09 7.79E-12 2.55E-15 0 0 0 0 0 0 0 0 0 0 0 0
7.96E-11 1.60E-06 7.41E-05 0.001678565 0.018435049 0.098725061 0.258982014 0.333821566 0.211611767 0.065868074 0.010031126 0.000743845 2.67E-05 4.66E-07 1.04E-09 1.49E-13 0 0 0 0 0 0 0 0 0
5.83E-13 8.77E-09 4.77E-07 1.54E-05 0.000294702 0.003320442 0.022138182 0.087494464 0.205293045 0.286275823 0.237355255 0.116979593 0.034239797 0.006256689 0.000332785 3.28E-06 9.93E-09 9.13E-12 2.55E-15 0 0 0 0 0 0
2.16E-14 1.99E-10 1.01E-08 3.45E-07 7.78E-06 0.000116698 0.001162247 0.007695441 0.033899905 0.099424922 0.19426103 0.25295389 0.219549242 0.144903728 0.042081912 0.003800646 0.0001401 2.09E-06 1.25E-08 2.97E-11 2.80E-14 0 0 0 0
2.33E-15 1.31E-11 5.77E-10 1.85E-08 4.23E-07 6.93E-06 8.14E-05 0.000685686 0.004140576 0.017936286 0.055755609 0.124413262 0.199333901 0.28283887 0.227528248 0.074508922 0.011829809 0.000906135 3.33E-05 5.84E-07 4.87E-09 1.92E-11 3.59E-14 0 0
5.55E-16 1.88E-12 7.02E-11 2.02E-09 4.39E-08 7.20E-07 8.91E-06 8.33E-05 0.000588462 0.003139957 0.012661397 0.038589567 0.08891264 0.202846591 0.311732333 0.228485048 0.090915789 0.019602768 0.002284129 0.000143391 4.83E-06 8.73E-08 8.41E-10 4.33E-12 0
2.22E-16 4.73E-13 1.51E-11 3.86E-10 7.74E-09 1.22E-07 1.50E-06 1.45E-05 0.000110064 0.000655018 0.003058684 0.011208275 0.032233555 0.099455592 0.233444289 0.290038735 0.211977828 0.091095794 0.022992847 0.003403031 0.000294785 1.49E-05 4.40E-07 7.61E-09 1.44E-11
1.11E-16 1.82E-13 4.98E-12 1.13E-10 2.08E-09 3.07E-08 3.66E-07 3.52E-06 2.74E-05 0.000171715 0.000869052 0.003550325 0.01170847 0.043892801 0.136628446 0.242371125 0.268601556 0.185980259 0.080427709 0.021706495 0.003652168 0.00038261 2.49E-05 1.03E-06 6.74E-09
1.11E-16 9.57E-14 2.28E-12 4.63E-11 7.74E-10 1.07E-08 1.22E-07 1.14E-06 8.83E-06 5.64E-05 0.000297211 0.001292128 0.004634904 0.019710478 0.074207174 0.16820498 0.249584224 0.242491138 0.15426483 0.064238875 0.017499842 0.003116336 0.000362459 2.84E-05 4.67E-07
1.11E-16 6.41E-14 1.34E-12 2.45E-11 3.74E-10 4.81E-09 5.18E-08 4.69E-07 3.56E-06 2.27E-05 0.000121469 0.000545624 0.00205751 0.009487018 0.04061526 0.109206799 0.199512636 0.247732677 0.209092503 0.119948829 0.04675574 0.012377981 0.002224311 0.00028545 9.41E-06
1.11E-16 5.15E-14 9.58E-13 1.58E-11 2.22E-10 2.66E-09 2.71E-08 2.35E-07 1.73E-06 1.09E-05 5.83E-05 0.000265249 0.001028111 0.004985643 0.023266123 0.070505246 0.149634546 0.222478035 0.231768524 0.169176762 0.086515201 0.030987966 0.007770953 0.00146346 8.30E-05
1.11E-16 4.77E-14 7.96E-13 1.20E-11 1.56E-10 1.74E-09 1.67E-08 1.39E-07 9.88E-07 6.07E-06 3.21E-05 0.000146343 0.000574249 0.002867939 0.014163507 0.046659523 0.110383516 0.187578575 0.229006744 0.200876395 0.12659159 0.057307989 0.018631478 0.004756395 0.000416421
1.11E-16 4.94E-14 7.46E-13 1.03E-11 1.24E-10 1.30E-09 1.18E-08 9.33E-08 6.42E-07 3.84E-06 1.99E-05 9.02E-05 0.000354554 0.001797117 0.009196851 0.032094319 0.08213858 0.154205539 0.212402172 0.214664141 0.159185149 0.086607446 0.034565914 0.01126874 0.001404763
2.22E-16 5.57E-14 7.67E-13 9.80E-12 1.10E-10 1.08E-09 9.29E-09 7.01E-08 4.64E-07 2.69E-06 1.37E-05 6.11E-05 0.000239052 0.001217042 0.006356816 0.023058638 0.062449128 0.126300346 0.190782473 0.215260334 0.181424037 0.114212203 0.053700268 0.021354403 0.00356719
2.22E-16 6.73E-14 8.49E-13 1.01E-11 1.06E-10 9.78E-10 7.99E-09 5.76E-08 3.67E-07 2.06E-06 1.03E-05 4.49E-05 0.000173941 0.000882912 0.004654936 0.017307518 0.048790645 0.104301618 0.169107652 0.207964651 0.193993659 0.137262126 0.073663666 0.034475235 0.007363752
3.33E-16 8.55E-14 9.96E-13 1.10E-11 1.09E-10 9.51E-10 7.39E-09 5.10E-08 3.13E-07 1.70E-06 8.24E-06 3.54E-05 0.000135121 0.000680181 0.003590395 0.013540752 0.039240179 0.087390977 0.149591784 0.19682995 0.199083655 0.154789501 0.092510667 0.049533718 0.013037416
5.55E-16 1.13E-13 1.22E-12 1.27E-11 1.18E-10 9.79E-10 7.25E-09 4.79E-08 2.83E-07 1.49E-06 7.03E-06 2.95E-05 0.000110989 0.000551953 0.00289947 0.011004383 0.032470902 0.074499708 0.132922162 0.184441859 0.199048288 0.167070688 0.109061789 0.065315276 0.020564128
8.88E-16 1.55E-13 1.56E-12 1.53E-11 1.34E-10 1.06E-09 7.46E-09 4.73E-08 2.69E-07 1.38E-06 6.30E-06 2.59E-05 9.56E-05 0.000468356 0.002437474 0.009253884 0.027599225 0.064669665 0.119063798 0.172254284 0.195833791 0.17496123 0.122835594 0.080793119 0.029700073
1.44E-15 2.17E-13 2.04E-12 1.89E-11 1.57E-10 1.18E-09 7.98E-09 4.87E-08 2.67E-07 1.32E-06 5.89E-06 2.37E-05 8.57E-05 0.000412894 0.002121765 0.008020939 0.024041509 0.057140308 0.107697729 0.160985848 0.190854155 0.179455989 0.133829809 0.095249879 0.04007225

#(46) shelf survey bottom temperature anomalies 200m plus NW 1982-2014            
-0.130867494 0.678867476 -0.095521433 -0.031415965 -0.569537286 0.832795827 -0.086579303 0.591652306 0.014453452 0.21189066 -0.395074439 0.641236916 -0.833312873 -0.672150484 1.028155343 0.348982586 0.881662443 -1.525275576 -0.261821076 0.185310269 0.806869423 1.420661449 0.949132347 1.035569339 -0.541361426 -0.61061611 -1.102753471 -1.010457619 -0.832281841 0.080762153 -1.365464029 -0.553017758 0.766334163     

#(51)for monotonically increasing fishery selectivties with smoother 0 off 1 on
  1
#(52) phase for smooth selectivity curve fishery
  4
#(53) wt_like weights for smooth selectivity likelihoods 1 fishery female, 2 survey female, 3 fishery male, 4 survey male
  10. 120. 40. 1.  
# weights for constraint on monotonicity 1 fishery female, 2 fishery male, 3 survey female, 4 survey male
  200. 100. 20000. 1000.
#(54.5) yrs with survey ages
4  
#(55.5) yrs with shelf and AI age data
1996 1998 2004 2010

#(56.5)
200 200 200 301                        
200 200 200 169


#(57.5) females
# shelf survey age comps for females "1996," 1998, 2004, 2010                  
1962158 16739661 55199675 53974112 52090568 43252987 35272660 52770276 59906049 51120603 24097325 7477384 3702153 0 0 0 0 0 0 0 0     
2747847 28735880 68095761 73053157 55931360 28078628 36727459 26856188 22033248 14114432 8694619 6617343 387194 0 0 0 0 0 0 0 0
8174142.017 138833100.2 190508433.6	163500096.9 138997392.8 64288504.99 36027091.28 28415244.9	20051888.93 8444142.575 5592735.925 6654609.65 414259.0415 355958.6583 242840.1807 1537737.004 0 0 0 0 0
372576.9062	81893427.4	85550153.97	148672059.2	201917009.8	99192984.3 95081199.99 23527115.45 21669105.88 9435138.458	5695218.965 2271924.588 2137458.077 337153.7086 852903.7086 1530781.596 0 0 557299.7977 141836.1559 765869.7483    

#(57.6) males
#shelf survey age comps for males "1996," 1998, 2004, 2010                  
0 6613871 20073973 13032206 33911533 23156712 9827534 22753024 3169431 6265370 0 243121 0 0 0 0 0 0 0 0 0     
0 12742498 50087758 29378115 16293571 5353496 11947928 2759702 0 2618263 0 0 0 0 0 0 0 0 0 0 0
7648862.534 99536394.63 89108806.48 74178112.73 38915276.23 24423274.21 9119459.484 7084975.164 1457665.008 0 113372.9425 0 0 0 0 0 506979.1646 0 0 0 0
224705.5645 43644592.93 43770178.81 54486443.53 63190614.63 30593156.04 26932586.16 5079652.691 1718842.228 725702.1485 0 0 0 0 0 0 0 0 0 0 0

#(58)   female then male natural mortality
0.2 0.35

#(59) offset constant
0.0001
#(60)
0.5 
#(61)
2.0 
#(62)
-4  
#(62.5) q_surv init
#0.75 0.10 0.14
1
#(63) assessment (1 for Bering Sea assessment)
1       


