# Number of parameters = 190  Objective function value = 2113.82  Maximum gradient component = 1.03382
# q_surv[1]:
1.00000000000
# alpha:
-0.00864218918114
# beta:
0.00297819224826
# mean_log_rec:
19.8857434501
# rec_dev:
 -0.343290322485 -0.104650645746 -0.135344692578 -0.173312158298 -0.219140618586 -0.272952939619 -0.332015827868 -0.398578319317 -0.470058434984 -0.545565961999 -0.624110396473 -0.702314633173 -0.770218311138 -0.808456715509 -0.802878300237 -0.778770210663 -0.741173162634 -0.707325516051 -0.726705620030 -0.813890724474 -0.922276079566 -1.04453062416 -1.17240391827 -1.29694216911 -1.40285131763 -1.47558510753 -1.48175847980 -1.39324805753 -1.29307040542 -0.485617526247 -0.655578069015 -0.365796452435 0.0868401365747 0.554546294801 0.436181817691 0.482094463405 0.668805106721 0.0542857971183 0.191200711411 0.416336827499 -0.00434343313448 0.102498201546 0.297067667911 0.559497962711 1.03919821861 0.684335010452 0.334443699952 0.273800423512 0.350488087243 0.277145218409 0.365656817956 0.535673566829 0.175141016122 0.462969587912 0.230137546841 0.250505439069 0.551017483436 0.728574035338 0.580290847274 1.04313751005 0.656581075797 0.785399767649 0.630343375418 0.574209288220 0.831281171760 1.06236833373 1.07288360929 1.29173554969 1.26349935004 1.05390079153 1.26874710021 1.24193624199
# log_avg_fmort:
-5.57688779704
# fmort_dev:
 -1.91034599715 -1.89576732197 -1.88330406133 -1.86330468114 -1.83005994445 -0.210999160857 -0.227529728065 -0.446938354813 -0.623096286952 -0.183253451794 -0.577912266568 0.801417527628 1.62201998729 0.824357019448 0.127037907158 0.0517957232128 0.959839455875 0.581785837786 0.263250892409 0.141892214284 -0.0300931822660 -0.548870522887 -0.244277303169 -0.857670933343 -1.66006855279 -1.87956875927 -0.494693234219 -0.528581901264 -1.33853540975 -0.333602282000 -0.0825779411387 0.411641868589 0.424850263818 0.877339871794 0.658563533246 0.869173058324 0.559510563142 0.339520846556 0.572532063457 0.989221185707 0.777816488003 0.787732401681 1.07900121610 0.327370503922 0.525669759576 0.834931067389 0.747664607818 0.890194885407 0.706590309112 0.616266537224 0.779036266613 0.286354053983 0.216673360638
# log_selcoffs_fish:
 -4.49993881421 -2.62463604816 -0.964914699346 0.0440588272143 0.999596606601 1.12816260239 0.908976431532 0.614453770664 0.335024518190 0.0821159417148 -0.146442052127 -0.340102096780 -0.499124968463 -0.624460064682 -0.721842394218 -0.798358646940 -0.858951508282 -0.907690726110 -0.945805959348
 -4.20496857098 -2.50877467973 -0.915033167057 0.322664122251 1.00497005722 0.890756017120 0.554243782041 0.275954636454 0.0917321092749 -0.0318597762776 -0.118335177492 -0.181305822577 -0.228518021595 -0.265917893339 -0.297702760037 -0.325608065905 -0.349159219819 -0.367898783840 -0.380204188129
# fish_slope_f:
2.21587961265
# fish_sel50_f:
3.57629828648
# fish_slope_m:
0.795999175815
# fish_sel50_m:
4.30922249244
# srv1_slope_f1:
1.04977778154
# srv1_sel50_f1:
4.14373009340
# srv1_slope_f2:
0.155748694910
# srv1_sel50_f2:
4.25238905678
# srv1_slope_m1:
0.499999990881
# srv1_sel50_m1:
7.26428215143
# srv1_slope_m2:
0.469849246396
# srv1_sel50_m2:
9.60581882656
# srv2_slope_f:
0.402738940718
# srv2_sel50_f:
7.99826721875
# srv2_slope_m:
0.398157861589
# srv2_sel50_m:
7.99914937926
# srv3_slope_f:
0.402738940718
# srv3_sel50_f:
7.99826721875
# srv3_slope_m:
0.398157861589
# srv3_sel50_m:
7.99914937926
# sexr_param_fish:
1.00000000000
# F40:
0.187856361342
# F35:
0.216282783316
# F30:
0.230035549994
