 437 -2632.8 -2632.8
 434 2605.13 -2605.13
 61 2604.14 -2604.14
 63 -2412.16 -2412.16
 60 2296.23 -2296.23
 448 1885.36 -1885.36
 435 1864.05 -1864.05
 65 -1796.69 -1796.69
 71 -1750.13 -1750.13
 64 -1675.14 -1675.14
 69 -1651.95 -1651.95
 377 1594.18 -1594.18
 436 -1575.85 -1575.85
 59 1567.01 -1567.01
 70 -1562.68 -1562.68
 68 -1542.7 -1542.7
 414 1515.35 -1515.35
 40 1361.93 -1361.93
 433 1358.34 -1358.34
 3 1282.74 -1282.74
 76 1241.61 -1241.61
 74 1227.06 -1227.06
 432 1195.2 -1195.2
 36 1146.52 -1146.52
 46 1132 -1132
 438 -1130.34 -1130.34
 422 -1075.16 -1075.16
 439 -1048.75 -1048.75
 411 -1035.16 -1035.16
 66 -998.068 -998.068
 45 989.465 -989.465
 67 -971.623 -971.623
 442 -953.727 -953.727
 75 943.513 -943.513
 431 940.716 -940.716
 449 881.229 -881.229
 420 863.924 -863.924
 446 789.939 -789.939
 58 777.79 -777.79
 440 -758.124 -758.124
 415 751.222 -751.222
 419 625.04 -625.04
 418 611.905 -611.905
 62 -607.945 -607.945
 443 -575.222 -575.222
 429 -551.143 -551.143
 57 547.622 -547.622
 24 539.377 -539.377
 48 -486.569 -486.569
 412 -448.295 -448.295
 72 -429.807 -429.807
 416 423.241 -423.241
 53 -413.362 -413.362
 31 410.43 -410.43
 44 407.315 -407.315
 50 406.527 -406.527
 41 402.349 -402.349
 47 398.126 -398.126
 445 -396.087 -396.087
 174 -390.417 -390.417
 424 388.216 -388.216
 28 -368.199 -368.199
 444 -366.539 -366.539
 21 -364.161 -364.161
 30 359.092 -359.092
 407 -354.291 -354.291
 428 -347.502 -347.502
 5 -332.373 -332.373
 8 -327.731 -327.731
 32 324.202 -324.202
 405 318.68 -318.68
 128 -312.687 -312.687
 73 304.517 -304.517
 55 -291.214 -291.214
 11 -270.178 -270.178
 427 -262.192 -262.192
 4 -259.022 -259.022
 54 -257.235 -257.235
 6 -256.465 -256.465
 29 -252.897 -252.897
 43 -251.803 -251.803
 423 -250.647 -250.647
 14 -248.307 -248.307
 408 -246.624 -246.624
 15 -237.608 -237.608
 447 229.168 -229.168
 9 -228.389 -228.389
 441 -227.125 -227.125
 13 -226.602 -226.602
 23 220.863 -220.863
 401 219.877 -219.877
 18 -219.177 -219.177
 20 218.64 -218.64
 126 -215.419 -215.419
 89 210.699 -210.699
 83 -210.696 -210.696
 51 209.089 -209.089
 10 -205.891 -205.891
 34 -205.122 -205.122
 19 -205.054 -205.054
 88 203.42 -203.42
 35 -202.159 -202.159
 430 -201.281 -201.281
 12 -200.848 -200.848
 125 -197.284 -197.284
 417 -194.477 -194.477
 26 189.096 -189.096
 42 187.077 -187.077
 104 180.1 -180.1
 77 179.179 -179.179
 127 -177.898 -177.898
 37 -171.676 -171.676
 398 170.195 -170.195
 425 170.054 -170.054
 102 168.476 -168.476
 80 -162.823 -162.823
 375 160.029 -160.029
 7 -158.524 -158.524
 27 -158.204 -158.204
 117 153.091 -153.091
 49 150.428 -150.428
 122 -148.557 -148.557
 413 147.095 -147.095
 16 -147.03 -147.03
 33 -138.374 -138.374
 129 -135.985 -135.985
 381 135.734 -135.734
 22 -132.955 -132.955
 105 132.729 -132.729
 403 130.289 -130.289
 406 127.893 -127.893
 1 126.639 -126.639
 109 123.955 -123.955
 450 -123.899 -123.899
 400 123.49 -123.49
 134 -119.557 -119.557
 95 -117.731 -117.731
 82 -117.633 -117.633
 86 -113.688 -113.688
 39 -112.914 -112.914
 458 -111.45 -111.45
 135 -110.968 -110.968
 396 -109.15 -109.15
 17 -108.523 -108.523
 177 104.399 -104.399
 118 103.063 -103.063
 149 92.348 -92.348
 393 92.0394 -92.0394
 468 -91.2522 -91.2522
 123 -90.6382 -90.6382
 90 89.7227 -89.7227
 97 -89.5332 -89.5332
 103 89.3222 -89.3222
 124 -89.0656 -89.0656
 504 88.517 -88.517
 121 -86.53 -86.53
 130 80.3264 -80.3264
 421 -76.0644 -76.0644
 394 -73.7839 -73.7839
 131 72.1463 -72.1463
 84 -72.0616 -72.0616
 461 -69.1524 -69.1524
 402 -68.6654 -68.6654
 116 67.0136 -67.0136
 85 -64.7364 -64.7364
 106 63.3658 -63.3658
 456 62.7183 -62.7183
 100 -62.661 -62.661
 404 -62.3155 -62.3155
 140 61.7911 -61.7911
 133 -61.1898 -61.1898
 79 -60.6651 -60.6651
 378 -60.6027 -60.6027
 150 56.3085 -56.3085
 397 55.4561 -55.4561
 119 -54.7799 -54.7799
 153 -54.0697 -54.0697
 426 -52.8078 -52.8078
 148 50.046 -50.046
 391 -50.0194 -50.0194
 81 49.1565 -49.1565
 175 48.5235 -48.5235
 152 -47.9069 -47.9069
 87 47.8524 -47.8524
 25 47.0104 -47.0104
 78 46.7075 -46.7075
 460 -46.3898 -46.3898
 392 -46.3603 -46.3603
 93 -45.5091 -45.5091
 96 -44.897 -44.897
 98 -44.6228 -44.6228
 110 44.2944 -44.2944
 465 -42.9018 -42.9018
 451 42.7298 -42.7298
 2 -40.6494 -40.6494
 142 -40.344 -40.344
 101 40.3015 -40.3015
 136 -40.2936 -40.2936
 91 39.2773 -39.2773
 108 37.3019 -37.3019
 145 37.256 -37.256
 138 35.2917 -35.2917
 99 -34.9814 -34.9814
 173 33.1027 -33.1027
 144 32.7233 -32.7233
 115 32.53 -32.53
 167 -32.1193 -32.1193
 162 -31.5872 -31.5872
 160 -29.0379 -29.0379
 178 28.9542 -28.9542
 166 -28.4788 -28.4788
 379 -26.9545 -26.9545
 139 26.79 -26.79
 410 -26.676 -26.676
 399 26.3335 -26.3335
 92 -25.4282 -25.4282
 94 24.8344 -24.8344
 112 24.1795 -24.1795
 38 -24.0098 -24.0098
 376 22.8601 -22.8601
 146 -21.2429 -21.2429
 163 -19.1982 -19.1982
 158 19.1052 -19.1052
 132 19.0119 -19.0119
 462 -18.4143 -18.4143
 120 -16.8954 -16.8954
 455 16.054 -16.054
 157 14.6397 -14.6397
 161 14.5577 -14.5577
 147 -14.4673 -14.4673
 156 14.0018 -14.0018
 114 13.5501 -13.5501
 388 -13.1934 -13.1934
 164 12.9273 -12.9273
 463 12.7557 -12.7557
 505 12.5186 -12.5186
 107 12.0463 -12.0463
 476 11.8786 -11.8786
 383 -11.3649 -11.3649
 380 11.2931 -11.2931
 467 -10.6738 -10.6738
 154 10.0416 -10.0416
 454 -9.87113 -9.87113
 390 -9.85955 -9.85955
 475 -9.62571 -9.62571
 511 9.38495 -9.38495
 541 8.7129 -8.7129
 111 -8.45125 -8.45125
 354 -8.2958 -8.2958
 56 8.23289 -8.23289
 395 8.04945 -8.04945
 509 -7.92602 -7.92602
 151 7.88454 -7.88454
 52 7.67316 -7.67316
 547 -7.27331 -7.27331
 143 -6.89198 -6.89198
 479 -6.74667 -6.74667
 512 6.59094 -6.59094
 457 -6.55595 -6.55595
 386 6.2344 -6.2344
 508 -6.08634 -6.08634
 384 -5.8554 -5.8554
 464 5.6501 -5.6501
 477 -5.59395 -5.59395
 389 -5.5482 -5.5482
 515 5.45877 -5.45877
 519 -5.10517 -5.10517
 540 5.02097 -5.02097
 155 4.75152 -4.75152
 353 -4.73299 -4.73299
 466 -4.33066 -4.33066
 345 4.16653 -4.16653
 532 -4.16151 -4.16151
 382 4.15823 -4.15823
 352 -4.09075 -4.09075
 539 4.08375 -4.08375
 530 -4.05187 -4.05187
 179 -3.90328 -3.90328
 531 -3.86589 -3.86589
 548 3.80079 -3.80079
 473 -3.66358 -3.66358
 344 3.62564 -3.62564
 453 -3.56023 -3.56023
 533 -3.51269 -3.51269
 480 -3.50976 -3.50976
 538 3.50506 -3.50506
 470 -3.444 -3.444
 474 -3.33906 -3.33906
 317 -3.30055 -3.30055
 172 3.2397 -3.2397
 346 3.14213 -3.14213
 343 3.14204 -3.14204
 513 3.05657 -3.05657
 478 -3.01695 -3.01695
 332 2.96353 -2.96353
 536 2.89214 -2.89214
 469 -2.86874 -2.86874
 517 2.83653 -2.83653
 500 2.77401 -2.77401
 472 -2.77133 -2.77133
 495 -2.63103 -2.63103
 351 -2.6162 -2.6162
 159 -2.61098 -2.61098
 510 -2.50969 -2.50969
 385 2.33746 -2.33746
 537 2.3124 -2.3124
 529 -2.30494 -2.30494
 507 2.2934 -2.2934
 349 -2.28878 -2.28878
 518 -2.27657 -2.27657
 506 2.17963 -2.17963
 492 2.1512 -2.1512
 482 -2.12424 -2.12424
 552 2.06926 -2.06926
 387 -2.06658 -2.06658
 188 -2.04014 -2.04014
 350 -2.0183 -2.0183
 483 -1.97448 -1.97448
 333 1.97336 -1.97336
 520 -1.94034 -1.94034
 494 -1.91056 -1.91056
 528 -1.90398 -1.90398
 516 -1.85813 -1.85813
 503 -1.82654 -1.82654
 493 1.81752 -1.81752
 523 -1.77731 -1.77731
 496 -1.76662 -1.76662
 527 -1.75351 -1.75351
 336 1.75298 -1.75298
 342 1.71783 -1.71783
 481 -1.62227 -1.62227
 452 -1.57439 -1.57439
 522 -1.54824 -1.54824
 514 -1.50111 -1.50111
 335 1.48881 -1.48881
 497 -1.48131 -1.48131
 318 -1.47093 -1.47093
 137 1.4158 -1.4158
 340 1.41449 -1.41449
 347 1.34008 -1.34008
 459 -1.31563 -1.31563
 534 -1.30519 -1.30519
 491 1.29913 -1.29913
 499 1.27293 -1.27293
 341 1.26341 -1.26341
 319 -1.23649 -1.23649
 526 -1.23635 -1.23635
 268 1.20828 -1.20828
 331 1.18964 -1.18964
 324 -1.15847 -1.15847
 471 1.13356 -1.13356
 141 -1.1306 -1.1306
 490 1.11581 -1.11581
 339 1.08414 -1.08414
 263 1.07742 -1.07742
 484 -1.07206 -1.07206
 546 1.04321 -1.04321
 325 -1.01329 -1.01329
 525 -1.0101 -1.0101
 498 -0.926443 -0.926443
 113 0.902833 -0.902833
 502 0.899485 -0.899485
 365 -0.898573 -0.898573
 190 -0.886103 -0.886103
 362 -0.866136 -0.866136
 521 -0.861412 -0.861412
 266 -0.844413 -0.844413
 549 0.833768 -0.833768
 489 0.830754 -0.830754
 320 -0.812663 -0.812663
 334 0.798489 -0.798489
 501 0.783121 -0.783121
 207 0.67407 -0.67407
 409 -0.662088 -0.662088
 524 -0.645873 -0.645873
 551 -0.615433 -0.615433
 192 0.609573 -0.609573
 338 0.605653 -0.605653
 284 0.601353 -0.601353
 337 0.600491 -0.600491
 196 0.594693 -0.594693
 283 0.56683 -0.56683
 328 -0.563462 -0.563462
 323 -0.559628 -0.559628
 315 -0.553353 -0.553353
 267 -0.54422 -0.54422
 289 -0.508265 -0.508265
 488 -0.491696 -0.491696
 189 0.468803 -0.468803
 206 -0.466857 -0.466857
 485 -0.457538 -0.457538
 191 -0.45435 -0.45435
 165 -0.436394 -0.436394
 270 -0.407914 -0.407914
 348 -0.39831 -0.39831
 309 -0.397909 -0.397909
 316 -0.396955 -0.396955
 307 -0.388086 -0.388086
 329 0.378172 -0.378172
 199 -0.376902 -0.376902
 264 0.359337 -0.359337
 553 0.356017 -0.356017
 306 -0.35594 -0.35594
 290 -0.355029 -0.355029
 193 0.353071 -0.353071
 195 -0.345517 -0.345517
 208 -0.336023 -0.336023
 486 -0.33453 -0.33453
 314 -0.333913 -0.333913
 366 -0.328601 -0.328601
 308 -0.32859 -0.32859
 271 0.326708 -0.326708
 288 -0.322362 -0.322362
 305 -0.320873 -0.320873
 293 0.318423 -0.318423
 281 0.31696 -0.31696
 197 0.311476 -0.311476
 204 0.307711 -0.307711
 280 -0.299642 -0.299642
 198 -0.279838 -0.279838
 487 -0.253737 -0.253737
 194 -0.251984 -0.251984
 302 -0.24333 -0.24333
 361 -0.24036 -0.24036
 321 0.236285 -0.236285
 201 -0.230665 -0.230665
 301 -0.22549 -0.22549
 216 0.222495 -0.222495
 330 0.22114 -0.22114
 279 -0.215743 -0.215743
 327 0.214668 -0.214668
 303 -0.214559 -0.214559
 312 -0.209033 -0.209033
 203 0.195002 -0.195002
 215 -0.193232 -0.193232
 296 0.19157 -0.19157
 214 -0.185906 -0.185906
 273 -0.177065 -0.177065
 359 -0.174578 -0.174578
 310 -0.17385 -0.17385
 326 -0.170371 -0.170371
 298 -0.165069 -0.165069
 202 -0.161967 -0.161967
 304 -0.161543 -0.161543
 364 0.15239 -0.15239
 313 -0.150397 -0.150397
 210 -0.149283 -0.149283
 286 0.144041 -0.144041
 213 0.141785 -0.141785
 200 -0.140718 -0.140718
 211 -0.139839 -0.139839
 265 -0.139192 -0.139192
 269 -0.12923 -0.12923
 297 -0.129165 -0.129165
 360 0.127446 -0.127446
 218 -0.107116 -0.107116
 295 -0.106569 -0.106569
 535 -0.103808 -0.103808
 259 0.0969138 -0.0969138
 209 0.0956907 -0.0956907
 282 0.0900092 -0.0900092
 257 0.0898049 -0.0898049
 262 0.0840847 -0.0840847
 250 0.0840294 -0.0840294
 311 -0.0816907 -0.0816907
 276 0.0764175 -0.0764175
 287 0.0736644 -0.0736644
 277 -0.0712315 -0.0712315
 242 0.0660325 -0.0660325
 243 0.0649305 -0.0649305
 227 -0.064518 -0.064518
 224 -0.061908 -0.061908
 256 0.0608987 -0.0608987
 225 -0.0606438 -0.0606438
 285 -0.0585692 -0.0585692
 244 0.0571148 -0.0571148
 219 -0.055147 -0.055147
 205 -0.0550755 -0.0550755
 234 -0.0513091 -0.0513091
 226 -0.0487168 -0.0487168
 249 0.0457375 -0.0457375
 231 0.0425332 -0.0425332
 251 0.0421301 -0.0421301
 260 0.0416349 -0.0416349
 241 -0.0395368 -0.0395368
 291 -0.0366707 -0.0366707
 235 -0.0357158 -0.0357158
 278 0.033069 -0.033069
 229 0.0326145 -0.0326145
 237 -0.0310716 -0.0310716
 300 -0.0300446 -0.0300446
 255 0.0292418 -0.0292418
 299 0.0291326 -0.0291326
 233 -0.0275393 -0.0275393
 248 0.0273935 -0.0273935
 292 -0.026993 -0.026993
 236 -0.0254408 -0.0254408
 253 0.0254021 -0.0254021
 223 -0.0247531 -0.0247531
 294 -0.0237679 -0.0237679
 239 -0.0211687 -0.0211687
 258 -0.0207343 -0.0207343
 238 -0.0188659 -0.0188659
 252 0.0176337 -0.0176337
 245 0.0166225 -0.0166225
 322 -0.016025 -0.016025
 272 0.0158331 -0.0158331
 230 0.014794 -0.014794
 240 -0.0137379 -0.0137379
 220 0.0100206 -0.0100206
 247 0.00989286 -0.00989286
 222 0.00842245 -0.00842245
 212 0.0073461 -0.0073461
 170 0.00674914 -0.00674914
 275 0.00655618 -0.00655618
 217 0.00640701 -0.00640701
 274 -0.00503015 -0.00503015
 246 0.00374652 -0.00374652
 254 -0.00346375 -0.00346375
 221 -0.00340497 -0.00340497
 232 0.00340336 -0.00340336
 261 0.00238246 -0.00238246
 228 -0.00173644 -0.00173644
 357 -0.00099578 -0.00099578
 544 0.000990089 -0.000990089
 176 -0.00073344 -0.00073344
 550 -0.000587006 -0.000587006
 363 0.000481203 -0.000481203
 728 -0.0001784 -0.0001784
 727 -8.33059e-05 -8.33059e-05
 719 7.92783e-05 -7.92783e-05
 726 -7.11335e-05 -7.11335e-05
 720 6.81541e-05 -6.81541e-05
 718 6.61272e-05 -6.61272e-05
 717 6.53358e-05 -6.53358e-05
 725 -6.10659e-05 -6.10659e-05
 723 -5.04388e-05 -5.04388e-05
 698 -4.59122e-05 -4.59122e-05
 691 -4.56811e-05 -4.56811e-05
 716 3.97956e-05 -3.97956e-05
 724 -3.86178e-05 -3.86178e-05
 682 3.58238e-05 -3.58238e-05
 715 3.41848e-05 -3.41848e-05
 714 3.05007e-05 -3.05007e-05
 666 2.87898e-05 -2.87898e-05
 667 2.87015e-05 -2.87015e-05
 679 -2.70558e-05 -2.70558e-05
 706 2.70346e-05 -2.70346e-05
 665 2.67849e-05 -2.67849e-05
 721 2.47771e-05 -2.47771e-05
 681 2.45256e-05 -2.45256e-05
 660 2.42515e-05 -2.42515e-05
 693 -2.35133e-05 -2.35133e-05
 694 -2.30419e-05 -2.30419e-05
 710 2.22679e-05 -2.22679e-05
 670 2.20777e-05 -2.20777e-05
 713 2.19964e-05 -2.19964e-05
 669 2.17407e-05 -2.17407e-05
 684 2.13017e-05 -2.13017e-05
 657 2.12543e-05 -2.12543e-05
 692 -2.08106e-05 -2.08106e-05
 707 2.07238e-05 -2.07238e-05
 683 1.99786e-05 -1.99786e-05
 739 -1.89573e-05 -1.89573e-05
 712 1.89103e-05 -1.89103e-05
 687 -1.8085e-05 -1.8085e-05
 680 -1.80113e-05 -1.80113e-05
 704 -1.69175e-05 -1.69175e-05
 678 -1.67048e-05 -1.67048e-05
 702 -1.6672e-05 -1.6672e-05
 700 -1.61637e-05 -1.61637e-05
 661 1.57889e-05 -1.57889e-05
 563 -1.5765e-05 -1.5765e-05
 709 1.49018e-05 -1.49018e-05
 668 1.47358e-05 -1.47358e-05
 664 1.43512e-05 -1.43512e-05
 736 -1.43359e-05 -1.43359e-05
 677 -1.42343e-05 -1.42343e-05
 699 -1.37331e-05 -1.37331e-05
 686 -1.35112e-05 -1.35112e-05
 711 1.23071e-05 -1.23071e-05
 676 -1.1819e-05 -1.1819e-05
 671 1.15081e-05 -1.15081e-05
 690 1.12919e-05 -1.12919e-05
 662 1.03963e-05 -1.03963e-05
 685 1.01961e-05 -1.01961e-05
 655 1.00292e-05 -1.00292e-05
 705 8.96967e-06 -8.96967e-06
 708 8.74574e-06 -8.74574e-06
 734 7.6844e-06 -7.6844e-06
 663 -6.95788e-06 -6.95788e-06
 740 -6.9128e-06 -6.9128e-06
 696 6.78781e-06 -6.78781e-06
 701 6.73969e-06 -6.73969e-06
 675 6.64682e-06 -6.64682e-06
 656 6.38273e-06 -6.38273e-06
 695 5.88263e-06 -5.88263e-06
 688 -5.52615e-06 -5.52615e-06
 738 5.51349e-06 -5.51349e-06
 697 5.26827e-06 -5.26827e-06
 637 4.99144e-06 -4.99144e-06
 689 -4.96179e-06 -4.96179e-06
 373 -4.88558e-06 -4.88558e-06
 369 -4.88558e-06 -4.88558e-06
 560 4.86185e-06 -4.86185e-06
 556 4.86185e-06 -4.86185e-06
 672 4.71119e-06 -4.71119e-06
 186 4.69879e-06 -4.69879e-06
 182 4.69879e-06 -4.69879e-06
 659 4.30223e-06 -4.30223e-06
 673 3.97633e-06 -3.97633e-06
 576 3.8643e-06 -3.8643e-06
 641 3.66876e-06 -3.66876e-06
 703 3.6328e-06 -3.6328e-06
 562 -3.45972e-06 -3.45972e-06
 642 -3.4382e-06 -3.4382e-06
 648 3.38257e-06 -3.38257e-06
 578 3.33046e-06 -3.33046e-06
 654 3.23261e-06 -3.23261e-06
 577 3.11796e-06 -3.11796e-06
 652 3.04101e-06 -3.04101e-06
 650 -2.76163e-06 -2.76163e-06
 653 2.66795e-06 -2.66795e-06
 674 2.60623e-06 -2.60623e-06
 579 2.34553e-06 -2.34553e-06
 580 -1.89578e-06 -1.89578e-06
 722 1.79505e-06 -1.79505e-06
 645 1.51167e-06 -1.51167e-06
 575 1.39172e-06 -1.39172e-06
 649 1.31296e-06 -1.31296e-06
 371 1.21942e-06 -1.21942e-06
 367 1.21942e-06 -1.21942e-06
 558 -1.2135e-06 -1.2135e-06
 554 -1.2135e-06 -1.2135e-06
 735 -1.19075e-06 -1.19075e-06
 184 -1.1728e-06 -1.1728e-06
 180 -1.1728e-06 -1.1728e-06
 647 9.24411e-07 -9.24411e-07
 658 -8.91745e-07 -8.91745e-07
 571 8.84257e-07 -8.84257e-07
 635 -8.48467e-07 -8.48467e-07
 733 -6.58075e-07 -6.58075e-07
 564 -6.49652e-07 -6.49652e-07
 568 -6.44415e-07 -6.44415e-07
 638 -6.21976e-07 -6.21976e-07
 624 6.11934e-07 -6.11934e-07
 643 -5.64899e-07 -5.64899e-07
 636 -5.38975e-07 -5.38975e-07
 590 -5.19702e-07 -5.19702e-07
 651 -5.00099e-07 -5.00099e-07
 581 4.87897e-07 -4.87897e-07
 640 4.86708e-07 -4.86708e-07
 632 4.55759e-07 -4.55759e-07
 625 4.17749e-07 -4.17749e-07
 629 3.90749e-07 -3.90749e-07
 583 3.80341e-07 -3.80341e-07
 623 3.73936e-07 -3.73936e-07
 633 -3.36652e-07 -3.36652e-07
 621 -3.34463e-07 -3.34463e-07
 626 3.34288e-07 -3.34288e-07
 644 3.20887e-07 -3.20887e-07
 566 2.98499e-07 -2.98499e-07
 589 2.97544e-07 -2.97544e-07
 588 -2.90476e-07 -2.90476e-07
 630 2.79926e-07 -2.79926e-07
 567 -2.47655e-07 -2.47655e-07
 619 -2.43578e-07 -2.43578e-07
 368 -2.42477e-07 -2.42477e-07
 372 -2.42477e-07 -2.42477e-07
 622 -2.41563e-07 -2.41563e-07
 559 2.413e-07 -2.413e-07
 555 2.413e-07 -2.413e-07
 627 2.36042e-07 -2.36042e-07
 185 2.33207e-07 -2.33207e-07
 181 2.33207e-07 -2.33207e-07
 620 -2.30347e-07 -2.30347e-07
 570 2.2558e-07 -2.2558e-07
 609 2.0619e-07 -2.0619e-07
 602 -2.05673e-07 -2.05673e-07
 618 -1.93057e-07 -1.93057e-07
 356 1.90383e-07 -1.90383e-07
 543 -1.89504e-07 -1.89504e-07
 605 -1.83787e-07 -1.83787e-07
 169 -1.83104e-07 -1.83104e-07
 634 -1.56758e-07 -1.56758e-07
 601 -1.55976e-07 -1.55976e-07
 592 -1.46947e-07 -1.46947e-07
 607 -1.45867e-07 -1.45867e-07
 358 1.43018e-07 -1.43018e-07
 545 -1.42358e-07 -1.42358e-07
 616 1.42123e-07 -1.42123e-07
 595 1.42086e-07 -1.42086e-07
 171 -1.3755e-07 -1.3755e-07
 631 1.26957e-07 -1.26957e-07
 615 1.16609e-07 -1.16609e-07
 606 -1.14535e-07 -1.14535e-07
 594 1.12469e-07 -1.12469e-07
 603 -1.04193e-07 -1.04193e-07
 614 1.03176e-07 -1.03176e-07
 646 1.02722e-07 -1.02722e-07
 565 9.4277e-08 -9.4277e-08
 617 9.41481e-08 -9.41481e-08
 639 9.20962e-08 -9.20962e-08
 355 9.1877e-08 -9.1877e-08
 542 -9.1453e-08 -9.1453e-08
 573 -9.12384e-08 -9.12384e-08
 587 -8.92303e-08 -8.92303e-08
 168 -8.83645e-08 -8.83645e-08
 611 -8.61744e-08 -8.61744e-08
 585 -8.55755e-08 -8.55755e-08
 628 8.50394e-08 -8.50394e-08
 370 -8.41731e-08 -8.41731e-08
 374 -8.41731e-08 -8.41731e-08
 561 8.37642e-08 -8.37642e-08
 557 8.37642e-08 -8.37642e-08
 598 8.35328e-08 -8.35328e-08
 187 8.09551e-08 -8.09551e-08
 183 8.09551e-08 -8.09551e-08
 584 -7.48005e-08 -7.48005e-08
 574 7.25175e-08 -7.25175e-08
 582 -6.62141e-08 -6.62141e-08
 610 5.4187e-08 -5.4187e-08
 593 -4.72863e-08 -4.72863e-08
 604 4.41358e-08 -4.41358e-08
 572 -4.40075e-08 -4.40075e-08
 612 -4.3839e-08 -4.3839e-08
 599 4.27098e-08 -4.27098e-08
 586 -3.18086e-08 -3.18086e-08
 591 2.46657e-08 -2.46657e-08
 600 -2.13444e-08 -2.13444e-08
 731 -2.13308e-08 -2.13308e-08
 569 -2.11419e-08 -2.11419e-08
 608 1.4117e-08 -1.4117e-08
 613 1.33188e-08 -1.33188e-08
 737 1.26476e-08 -1.26476e-08
 597 3.53338e-09 -3.53338e-09
 596 2.96705e-10 -2.96705e-10
 747 -1.04758e-10 -1.04758e-10
 743 -1.04758e-10 -1.04758e-10
 745 2.61472e-11 -2.61472e-11
 741 2.61472e-11 -2.61472e-11
 746 -5.19926e-12 -5.19926e-12
 742 -5.19926e-12 -5.19926e-12
 730 4.08274e-12 -4.08274e-12
 732 3.06701e-12 -3.06701e-12
 729 1.9703e-12 -1.9703e-12
 748 -1.80486e-12 -1.80486e-12
 744 -1.80486e-12 -1.80486e-12
